142286621677333768293986397684425548998156658796971857955319735346752766957476425390641417398458086805134820109652930065752871733210899364999555749813560154540186895114077700483992824295519253971479740264369000399747339690530371547668314238504717343556058261431092653211046714565175646872275472241257300471057
159474634191550881402672843515170441729366272634699912398820860008724749508601091634969812502677838085119923445079106562019175222997619107689984892457513056950554317673760826489103299833432653729432696315563545339448806293513227359204322290561600408845717179453033897300247766262740881552584301003509716815823
159184211589288334886645190726477319126620721444726713414627293704816641346138058977361006070231838600249288107951394382598520447897680495576491028447918528487701731773942427804164439956180125170487153801360333101000173145814356550021739902163291564061740762960693814873836199252723334464428104316502127539999
166984682975696240772000309868671605887105335325997981250162853905633000643989703829562996278849926490601936532134581558935010322613885881788465653807127196877833907327059540408584878299760521690149615353390189796664047882059969841573962935659595025787059633070862984621248827434110266119916610931734448585707
162838133696726763564950197752010223488248019156333538050810541215396827832687006765894951635623528103716475641882949600941744414591265610299767645794172266554261851184495344027968983306738804640226823435866505546517006093383322542621415655961526133474632087132810209897510328771153848592630060267423412033573
152961694366351717492519732240601017404134308143348853498302742851587027257793195527004440598779911833778563463387536886572179197463857792798746148066511664340284600683697932255102971696134814071589754009403140845566348269231404050961590995325159056471061986940937561321976886920123589667102472067498660046617
136432040333911777533039684657231842704856741827609743768903205041633828069515122226066935744956563633871716895509942835603712152200481466320262044388527155267169020951634952047503164042798298594870084263141068160789886667867220125143100243183019421702805101148020623097825018285341085000491103337968382317777
25507655020904138962717148701952635132528119555270503368803244511403018482896661260552295276373121859705397902990585873721081863863860399859395508529882056589334241369235303536346804331513714037548060031629434906890403968981673382881886670638181578054507304155295621693173843238445740766236973305611905598559518577075816049997508527567386828730675538029830461208881880124269013244529968818187457646160600659894003109800990713856342664581997022242405452999833062216423000111154436684442073756345185560925503004351631668632248698237156514348091193318002938944384324437120822810972763579644648555988245785555746399953209
32161494070020891301128836566691147272384321612472926700441513420990100478212023459274229152900296003695147697117526776785271059363055504968754162465044192744657393874787753335070475693538902714071530688253189947269407585245093774274944360570710019867887417733704218439813049809890176496245434345966319791413161430867993960849452172107822356772017933499561167648844351017022947913227913442970420940625223940574939223823565585390473585531516881450621397062661815929416728763482962930605972303253990376968135615611365938212632893133346775597784572210527643285817031814271268674112401335750303489664081671883225201962127
31411941925987082940960846183507514629127420363401411755443625181334873294776666933191791345631509050280434599048840316485874074645724065980348281339061507034596707881123027902402228058843833627284310001401951953751358725419310647705553429354115063597805094811777162755133228987868619239677964297546272098490914477014610436371620605603034836942047659192699319575829598694653622657199848587127299176501855544811751663370385927743511875654732292002095199469682485281896763662985897211834910423965120489262175859666128535958117488590727352565759673571760681120356051820559859455923307843205183455253911330028076728417577
28958922626846113491610900517488451820180708638692850509598352015107643149861784926499961887387789985338920264425440979733335055277210050055562503726457689081508829013475350268914926948603804938851258096449999585081524985381731254799767956163879717790696783256240726259934318081042008187421612826087071131978526192971284178346673930561986144563739419352554755521778336321652331288335166664212662480966293641810161783941887012967639589238030254311132090949600369916468574094547214083101688118760024568006031717111304855448271585473612603775958296510742756148110815006793073442250996226549933392283479598253403572504839
30674931302420588478587569997745706830836973317885155074760689248296314756198513359300889605170617516919992643338981441236090168958084698582213651117456277728221195139675579254544376223618244996124170272655151836860664112654980322564025755366069693586177007105025349992856911554130547729861915070665499347265323618867881578273988638725956112949158817616110660247121512170318930597111715134442648573341704179075716295354422760911986393796417686653123000890641021833252350908923911123185305734559970952079231461846081733180006538597506706053271917340172918836725886395596924457567637600473916639664045863502280210857399
